400.000 237.426 59.873 62.568 64.578
401.000 237.689 59.719 62.308 64.393
402.000 238.311 59.627 62.139 64.337
403.000 239.266 59.592 62.052 64.399
404.000 240.526 59.610 62.042 64.568
405.000 242.065 59.676 62.101 64.836
406.000 243.856 59.784 62.221 65.191
407.000 245.872 59.929 62.396 65.623
408.000 248.087 60.106 62.619 66.121
409.000 250.473 60.310 62.882 66.677
410.000 253.003 60.536 63.178 67.279
411.000 255.652 60.780 63.500 67.917
412.000 258.392 61.035 63.842 68.581
413.000 261.195 61.296 64.195 69.260
414.000 264.037 61.560 64.553 69.945
415.000 266.888 61.820 64.909 70.625
416.000 269.724 62.071 65.255 71.289
417.000 272.516 62.309 65.585 71.929
418.000 275.239 62.528 65.890 72.532
419.000 277.864 62.723 66.165 73.090
420.000 280.366 62.890 66.403 73.591
421.000 282.724 63.023 66.596 74.029
422.000 284.942 63.125 66.748 74.407
423.000 287.031 63.196 66.861 74.734
424.000 289.000 63.240 66.940 75.015
425.000 290.860 63.257 66.986 75.258
426.000 292.621 63.250 67.004 75.471
427.000 294.294 63.221 66.996 75.660
428.000 295.889 63.172 66.967 75.833
429.000 297.417 63.104 66.919 75.996
430.000 298.887 63.019 66.856 76.158
431.000 300.309 62.920 66.780 76.323
432.000 301.686 62.807 66.693 76.494
433.000 303.020 62.680 66.597 76.669
434.000 304.311 62.540 66.492 76.850
435.000 305.563 62.387 66.381 77.037
436.000 306.776 62.222 66.262 77.229
437.000 307.952 62.045 66.139 77.426
438.000 309.093 61.856 66.012 77.629
439.000 310.201 61.656 65.883 77.838
440.000 311.277 61.446 65.752 78.053
441.000 312.327 61.226 65.621 78.274
442.000 313.370 61.003 65.495 78.502
443.000 314.431 60.783 65.377 78.741
444.000 315.532 60.574 65.271 78.991
445.000 316.699 60.382 65.184 79.255
446.000 317.953 60.214 65.117 79.535
447.000 319.320 60.076 65.077 79.833
448.000 320.822 59.977 65.067 80.150
449.000 322.484 59.922 65.093 80.489
450.000 324.329 59.919 65.157 80.851
451.000 326.368 59.971 65.262 81.238
452.000 328.566 60.071 65.402 81.642
453.000 330.871 60.210 65.565 82.056
454.000 333.237 60.376 65.743 82.473
455.000 335.613 60.560 65.925 82.883
456.000 337.950 60.751 66.102 83.279
457.000 340.200 60.939 66.263 83.654
458.000 342.313 61.114 66.400 83.999
459.000 344.241 61.267 66.502 84.306
460.000 345.934 61.385 66.559 84.569
461.000 347.355 61.462 66.564 84.780
462.000 348.519 61.494 66.520 84.943
463.000 349.450 61.482 66.431 85.064
464.000 350.174 61.424 66.303 85.149
465.000 350.716 61.320 66.141 85.202
466.000 351.102 61.169 65.949 85.229
467.000 351.357 60.971 65.732 85.236
468.000 351.508 60.725 65.496 85.229
469.000 351.579 60.430 65.246 85.212
470.000 351.596 60.086 64.986 85.191
471.000 351.581 59.693 64.721 85.171
472.000 351.538 59.260 64.452 85.153
473.000 351.468 58.795 64.178 85.137
474.000 351.370 58.307 63.902 85.121
475.000 351.246 57.806 63.622 85.106
476.000 351.097 57.300 63.339 85.092
477.000 350.922 56.798 63.055 85.079
478.000 350.722 56.310 62.768 85.066
479.000 350.498 55.845 62.479 85.053
480.000 350.250 55.411 62.189 85.040
481.000 349.978 55.016 61.899 85.026
482.000 349.679 54.656 61.607 85.008
483.000 349.351 54.327 61.313 84.981
484.000 348.989 54.023 61.017 84.942
485.000 348.590 53.739 60.718 84.887
486.000 348.152 53.471 60.417 84.812
487.000 347.670 53.213 60.113 84.713
488.000 347.142 52.960 59.804 84.586
489.000 346.565 52.707 59.492 84.426
490.000 345.934 52.448 59.176 84.231
491.000 345.248 52.180 58.855 83.997
492.000 344.509 51.901 58.532 83.730
493.000 343.722 51.610 58.210 83.435
494.000 342.891 51.306 57.892 83.119
495.000 342.019 50.987 57.580 82.788
496.000 341.111 50.654 57.278 82.448
497.000 340.170 50.304 56.989 82.106
498.000 339.201 49.938 56.715 81.768
499.000 338.208 49.553 56.458 81.441
500.000 337.194 49.150 56.223 81.130
501.000 336.166 48.728 56.012 80.840
502.000 335.132 48.292 55.830 80.575
503.000 334.107 47.848 55.680 80.333
504.000 333.102 47.401 55.567 80.117
505.000 332.128 46.957 55.495 79.926
506.000 331.198 46.522 55.469 79.762
507.000 330.325 46.101 55.494 79.625
508.000 329.520 45.701 55.573 79.517
509.000 328.795 45.327 55.710 79.437
510.000 328.162 44.985 55.912 79.386
511.000 327.630 44.679 56.179 79.365
512.000 327.188 44.404 56.510 79.369
513.000 326.825 44.157 56.900 79.394
514.000 326.527 43.930 57.344 79.434
515.000 326.280 43.719 57.838 79.484
516.000 326.071 43.519 58.377 79.539
517.000 325.887 43.323 58.958 79.596
518.000 325.715 43.126 59.575 79.647
519.000 325.542 42.924 60.224 79.689
520.000 325.354 42.710 60.901 79.717
521.000 325.141 42.480 61.601 79.727
522.000 324.903 42.237 62.316 79.724
523.000 324.645 41.984 63.038 79.714
524.000 324.369 41.726 63.759 79.704
525.000 324.079 41.465 64.471 79.700
526.000 323.778 41.206 65.166 79.707
527.000 323.470 40.953 65.836 79.734
528.000 323.159 40.708 66.472 79.785
529.000 322.847 40.476 67.066 79.867
530.000 322.538 40.261 67.611 79.986
531.000 322.234 40.065 68.100 80.146
532.000 321.927 39.886 68.534 80.340
533.000 321.606 39.723 68.914 80.558
534.000 321.263 39.574 69.244 80.788
535.000 320.886 39.435 69.526 81.021
536.000 320.466 39.304 69.762 81.247
537.000 319.994 39.179 69.954 81.456
538.000 319.459 39.058 70.105 81.636
539.000 318.851 38.938 70.217 81.779
540.000 318.161 38.817 70.292 81.874
541.000 317.384 38.692 70.334 81.915
542.000 316.539 38.565 70.345 81.910
543.000 315.650 38.433 70.331 81.874
544.000 314.743 38.297 70.295 81.819
545.000 313.840 38.158 70.241 81.758
546.000 312.967 38.014 70.174 81.705
547.000 312.149 37.866 70.097 81.673
548.000 311.409 37.714 70.015 81.674
549.000 310.772 37.557 69.932 81.723
550.000 310.263 37.396 69.853 81.832
551.000 309.897 37.230 69.778 82.011
552.000 309.656 37.059 69.704 82.249
553.000 309.513 36.885 69.622 82.535
554.000 309.441 36.707 69.527 82.854
555.000 309.414 36.525 69.409 83.193
556.000 309.404 36.341 69.263 83.539
557.000 309.384 36.154 69.082 83.879
558.000 309.328 35.965 68.857 84.199
559.000 309.209 35.774 68.582 84.486
560.000 308.999 35.581 68.249 84.727
561.000 308.680 35.387 67.854 84.912
562.000 308.261 35.193 67.400 85.045
563.000 307.759 34.999 66.893 85.133
564.000 307.191 34.806 66.339 85.185
565.000 306.575 34.616 65.742 85.208
566.000 305.928 34.427 65.110 85.210
567.000 305.267 34.242 64.447 85.197
568.000 304.609 34.062 63.760 85.179
569.000 303.972 33.886 63.055 85.163
570.000 303.373 33.716 62.336 85.156
571.000 302.824 33.552 61.609 85.164
572.000 302.323 33.395 60.879 85.188
573.000 301.863 33.243 60.148 85.226
574.000 301.435 33.096 59.422 85.278
575.000 301.034 32.954 58.703 85.341
576.000 300.651 32.817 57.995 85.414
577.000 300.279 32.683 57.303 85.496
578.000 299.912 32.553 56.629 85.586
579.000 299.541 32.427 55.977 85.682
580.000 299.160 32.303 55.351 85.783
581.000 298.763 32.181 54.755 85.888
582.000 298.351 32.060 54.187 85.993
583.000 297.928 31.938 53.647 86.098
584.000 297.498 31.815 53.134 86.198
585.000 297.064 31.688 52.647 86.291
586.000 296.630 31.557 52.184 86.375
587.000 296.198 31.419 51.744 86.448
588.000 295.773 31.273 51.328 86.506
589.000 295.358 31.119 50.932 86.547
590.000 294.956 30.954 50.558 86.569
591.000 294.568 30.777 50.202 86.570
592.000 294.191 30.592 49.864 86.551
593.000 293.816 30.399 49.540 86.515
594.000 293.437 30.201 49.228 86.463
595.000 293.047 30.002 48.925 86.399
596.000 292.639 29.803 48.630 86.324
597.000 292.206 29.606 48.340 86.241
598.000 291.741 29.415 48.051 86.152
599.000 291.236 29.232 47.763 86.059
600.000 290.686 29.059 47.472 85.964
601.000 290.086 28.898 47.177 85.871
602.000 289.448 28.749 46.877 85.782
603.000 288.785 28.610 46.572 85.702
604.000 288.113 28.480 46.265 85.636
605.000 287.446 28.358 45.954 85.586
606.000 286.797 28.242 45.640 85.557
607.000 286.182 28.132 45.324 85.553
608.000 285.615 28.027 45.007 85.578
609.000 285.111 27.924 44.688 85.636
610.000 284.683 27.823 44.368 85.731
611.000 284.341 27.723 44.049 85.865
612.000 284.074 27.624 43.730 86.034
613.000 283.866 27.525 43.412 86.230
614.000 283.701 27.427 43.097 86.447
615.000 283.562 27.329 42.785 86.678
616.000 283.435 27.231 42.478 86.917
617.000 283.302 27.134 42.175 87.156
618.000 283.147 27.036 41.878 87.388
619.000 282.956 26.939 41.588 87.608
620.000 282.710 26.842 41.306 87.807
621.000 282.399 26.745 41.031 87.982
622.000 282.027 26.646 40.765 88.129
623.000 281.603 26.546 40.507 88.249
624.000 281.135 26.443 40.255 88.342
625.000 280.634 26.336 40.010 88.408
626.000 280.106 26.225 39.772 88.445
627.000 279.562 26.107 39.539 88.454
628.000 279.009 25.984 39.311 88.435
629.000 278.458 25.852 39.089 88.387
630.000 277.916 25.713 38.870 88.311
631.000 277.390 25.564 38.655 88.206
632.000 276.884 25.410 38.441 88.079
633.000 276.396 25.251 38.225 87.936
634.000 275.928 25.092 38.004 87.786
635.000 275.480 24.935 37.776 87.633
636.000 275.051 24.782 37.536 87.486
637.000 274.643 24.638 37.283 87.352
638.000 274.255 24.504 37.013 87.237
639.000 273.888 24.383 36.723 87.148
640.000 273.542 24.279 36.411 87.093
641.000 273.218 24.193 36.075 87.076
642.000 272.918 24.123 35.720 87.095
643.000 272.643 24.068 35.352 87.146
644.000 272.397 24.024 34.976 87.226
645.000 272.180 23.988 34.600 87.330
646.000 271.996 23.959 34.229 87.455
647.000 271.847 23.934 33.869 87.597
648.000 271.734 23.910 33.527 87.751
649.000 271.660 23.884 33.209 87.914
650.000 271.627 23.855 32.920 88.083
651.000 271.633 23.819 32.666 88.252
652.000 271.657 23.776 32.441 88.418
653.000 271.676 23.725 32.239 88.576
654.000 271.665 23.667 32.053 88.724
655.000 271.600 23.600 31.877 88.855
656.000 271.456 23.524 31.704 88.966
657.000 271.210 23.439 31.527 89.054
658.000 270.836 23.344 31.340 89.113
659.000 270.311 23.239 31.137 89.140
660.000 269.610 23.123 30.910 89.130
661.000 268.720 22.997 30.655 89.081
662.000 267.665 22.862 30.377 88.999
663.000 266.483 22.720 30.080 88.890
664.000 265.211 22.575 29.772 88.762
665.000 263.886 22.429 29.457 88.621
666.000 262.542 22.284 29.142 88.475
667.000 261.218 22.143 28.834 88.331
668.000 259.950 22.008 28.537 88.196
669.000 258.774 21.882 28.257 88.078
670.000 257.727 21.768 28.002 87.982
671.000 256.837 21.666 27.775 87.916
672.000 256.097 21.576 27.577 87.877
673.000 255.491 21.494 27.409 87.864
674.000 255.002 21.417 27.270 87.873
675.000 254.617 21.344 27.160 87.903
676.000 254.318 21.270 27.079 87.951
677.000 254.091 21.194 27.026 88.014
678.000 253.918 21.113 27.002 88.090
679.000 253.785 21.023 27.006 88.176
680.000 253.676 20.923 27.038 88.270
681.000 253.575 20.810 27.099 88.369
682.000 253.466 20.686 27.195 88.467
683.000 253.331 20.555 27.333 88.561
684.000 253.154 20.420 27.520 88.644
685.000 252.919 20.283 27.763 88.711
686.000 252.608 20.147 28.069 88.757
687.000 252.205 20.017 28.445 88.776
688.000 251.694 19.894 28.899 88.764
689.000 251.057 19.781 29.436 88.714
690.000 250.278 19.683 30.064 88.623
691.000 249.347 19.601 30.790 88.486
692.000 248.276 19.532 31.614 88.308
693.000 247.086 19.475 32.537 88.096
694.000 245.795 19.426 33.558 87.857
695.000 244.424 19.382 34.679 87.597
696.000 242.992 19.341 35.899 87.324
697.000 241.518 19.300 37.218 87.043
698.000 240.022 19.255 38.637 86.763
699.000 238.523 19.205 40.156 86.489
700.000 237.042 19.146 41.776 86.228
701.000 235.595 19.075 43.494 85.986
702.000 234.199 18.994 45.304 85.765
703.000 232.864 18.902 47.197 85.565
704.000 231.606 18.801 49.165 85.386
705.000 230.435 18.691 51.200 85.228
706.000 229.366 18.573 53.291 85.093
707.000 228.412 18.448 55.432 84.980
708.000 227.585 18.317 57.614 84.890
709.000 226.898 18.179 59.828 84.823
710.000 226.365 18.036 62.065 84.780
711.000 225.993 17.890 64.319 84.760
712.000 225.771 17.742 66.594 84.767
713.000 225.684 17.596 68.896 84.800
714.000 225.715 17.456 71.230 84.862
715.000 225.847 17.323 73.602 84.954
716.000 226.066 17.201 76.019 85.078
717.000 226.354 17.093 78.486 85.235
718.000 226.696 17.003 81.008 85.427
719.000 227.075 16.933 83.593 85.655
720.000 227.476 16.887 86.245 85.921
721.000 227.878 16.866 88.963 86.222
722.000 228.244 16.865 91.716 86.542
723.000 228.534 16.879 94.466 86.859
724.000 228.705 16.900 97.175 87.151
725.000 228.716 16.924 99.804 87.398
726.000 228.528 16.944 102.315 87.579
727.000 228.097 16.953 104.670 87.671
728.000 227.384 16.946 106.830 87.654
729.000 226.347 16.916 108.757 87.506
730.000 224.946 16.858 110.413 87.207
731.000 223.158 16.767 111.773 86.744
732.000 221.049 16.647 112.871 86.142
733.000 218.700 16.503 113.755 85.433
734.000 216.196 16.341 114.471 84.653
735.000 213.621 16.167 115.067 83.835
736.000 211.059 15.986 115.592 83.011
737.000 208.592 15.804 116.091 82.216
738.000 206.305 15.626 116.613 81.484
739.000 204.281 15.459 117.204 80.848
740.000 202.604 15.307 117.914 80.341
741.000 201.336 15.175 118.775 79.989
742.000 200.450 15.063 119.775 79.781
743.000 199.898 14.968 120.884 79.698
744.000 199.632 14.889 122.077 79.722
745.000 199.602 14.823 123.325 79.832
746.000 199.761 14.769 124.602 80.010
747.000 200.059 14.724 125.880 80.237
748.000 200.450 14.688 127.131 80.493
749.000 200.883 14.657 128.329 80.760
750.000 201.311 14.630 129.446 81.019
751.000 201.693 14.606 130.461 81.253
752.000 202.022 14.583 131.373 81.463
753.000 202.297 14.560 132.189 81.650
754.000 202.520 14.537 132.914 81.816
755.000 202.691 14.513 133.555 81.965
756.000 202.809 14.488 134.117 82.099
757.000 202.876 14.461 134.606 82.221
758.000 202.892 14.430 135.029 82.332
759.000 202.857 14.396 135.390 82.436
760.000 202.772 14.358 135.696 82.534
761.000 202.636 14.315 135.952 82.629
762.000 202.445 14.267 136.154 82.715
763.000 202.195 14.216 136.299 82.788
764.000 201.882 14.162 136.383 82.842
765.000 201.500 14.106 136.402 82.872
766.000 201.046 14.049 136.352 82.872
767.000 200.515 13.992 136.229 82.836
768.000 199.902 13.934 136.029 82.760
769.000 199.204 13.878 135.747 82.637
770.000 198.414 13.823 135.381 82.463
771.000 197.538 13.771 134.932 82.236
772.000 196.613 13.722 134.429 81.974
773.000 195.683 13.676 133.904 81.699
774.000 194.795 13.633 133.394 81.434
775.000 193.994 13.595 132.931 81.201
776.000 193.326 13.560 132.550 81.021
777.000 192.836 13.531 132.285 80.917
778.000 192.570 13.506 132.171 80.912
779.000 192.573 13.487 132.241 81.027
780.000 192.891 13.474 132.530 81.285
781.000 193.550 13.466 133.058 81.699
782.000 194.494 13.463 133.787 82.244
783.000 195.650 13.465 134.666 82.890
784.000 196.943 13.468 135.644 83.602
785.000 198.299 13.473 136.669 84.348
786.000 199.643 13.479 137.690 85.096
787.000 200.901 13.484 138.655 85.813
788.000 201.998 13.486 139.513 86.466
789.000 202.861 13.486 140.213 87.022
790.000 203.413 13.481 140.702 87.449
791.000 203.602 13.471 140.944 87.723
792.000 203.452 13.455 140.954 87.853
793.000 203.009 13.432 140.763 87.855
794.000 202.317 13.403 140.402 87.746
795.000 201.423 13.366 139.900 87.545
796.000 200.371 13.322 139.287 87.267
797.000 199.207 13.269 138.595 86.931
798.000 197.975 13.208 137.853 86.553
799.000 196.722 13.137 137.091 86.151
800.000 195.492 13.058 136.339 85.741
801.000 194.323 12.968 135.624 85.339
802.000 193.223 12.870 134.949 84.950
803.000 192.189 12.767 134.314 84.576
804.000 191.222 12.659 133.720 84.221
805.000 190.320 12.549 133.167 83.887
806.000 189.483 12.439 132.653 83.577
807.000 188.711 12.331 132.180 83.294
808.000 188.002 12.227 131.746 83.040
809.000 187.356 12.129 131.352 82.820
810.000 186.771 12.039 130.998 82.635
811.000 186.247 11.958 130.682 82.486
812.000 185.773 11.886 130.399 82.370
813.000 185.340 11.821 130.143 82.279
814.000 184.939 11.764 129.905 82.206
815.000 184.557 11.712 129.681 82.147
816.000 184.187 11.665 129.462 82.092
817.000 183.816 11.621 129.243 82.038
818.000 183.436 11.579 129.016 81.976
819.000 183.036 11.540 128.775 81.901
820.000 182.606 11.500 128.514 81.805
821.000 182.138 11.460 128.227 81.685
822.000 181.638 11.419 127.917 81.544
823.000 181.112 11.377 127.591 81.385
824.000 180.569 11.334 127.253 81.213
825.000 180.015 11.290 126.909 81.034
826.000 179.458 11.245 126.563 80.852
827.000 178.905 11.198 126.221 80.672
828.000 178.363 11.150 125.889 80.499
829.000 177.841 11.101 125.571 80.337
830.000 177.346 11.049 125.273 80.190
831.000 176.883 10.997 125.000 80.064
832.000 176.458 10.944 124.753 79.958
833.000 176.073 10.892 124.537 79.871
834.000 175.731 10.843 124.352 79.803
835.000 175.436 10.798 124.201 79.754
836.000 175.190 10.760 124.086 79.722
837.000 174.998 10.729 124.010 79.707
838.000 174.861 10.707 123.974 79.709
839.000 174.783 10.695 123.982 79.726
840.000 174.767 10.695 124.035 79.758
841.000 174.815 10.709 124.133 79.805
842.000 174.916 10.733 124.272 79.865
843.000 175.062 10.765 124.442 79.937
844.000 175.241 10.803 124.637 80.019
845.000 175.443 10.843 124.849 80.111
846.000 175.657 10.882 125.070 80.210
847.000 175.871 10.919 125.293 80.315
848.000 176.076 10.949 125.509 80.426
849.000 176.261 10.971 125.712 80.540
850.000 176.415 10.982 125.893 80.657
851.000 176.530 10.979 126.046 80.774
852.000 176.604 10.963 126.171 80.890
853.000 176.641 10.937 126.270 81.001
854.000 176.642 10.903 126.342 81.107
855.000 176.608 10.862 126.389 81.203
856.000 176.541 10.817 126.412 81.288
857.000 176.444 10.770 126.412 81.359
858.000 176.318 10.722 126.390 81.414
859.000 176.164 10.675 126.348 81.451
860.000 175.986 10.632 126.285 81.465
861.000 175.782 10.593 126.203 81.457
862.000 175.551 10.559 126.098 81.425
863.000 175.286 10.528 125.968 81.368
864.000 174.983 10.499 125.809 81.288
865.000 174.637 10.471 125.618 81.183
866.000 174.244 10.443 125.391 81.054
867.000 173.798 10.413 125.125 80.900
868.000 173.295 10.380 124.817 80.722
869.000 172.730 10.344 124.463 80.519
870.000 172.098 10.303 124.060 80.290
871.000 171.397 10.257 123.606 80.037
872.000 170.628 10.205 123.102 79.757
873.000 169.797 10.149 122.553 79.451
874.000 168.908 10.089 121.962 79.119
875.000 167.966 10.026 121.331 78.759
876.000 166.976 9.961 120.664 78.370
877.000 165.942 9.894 119.965 77.954
878.000 164.870 9.827 119.237 77.508
879.000 163.763 9.760 118.483 77.032
880.000 162.626 9.693 117.707 76.525
881.000 161.465 9.628 116.912 75.990
882.000 160.290 9.563 116.105 75.433
883.000 159.108 9.500 115.293 74.864
884.000 157.931 9.436 114.483 74.292
885.000 156.767 9.371 113.682 73.727
886.000 155.627 9.305 112.897 73.179
887.000 154.520 9.238 112.135 72.656
888.000 153.456 9.168 111.404 72.168
889.000 152.444 9.096 110.711 71.725
890.000 151.494 9.020 110.061 71.336
891.000 150.611 8.941 109.460 71.007
892.000 149.780 8.858 108.896 70.726
893.000 148.983 8.773 108.356 70.480
894.000 148.198 8.687 107.825 70.253
895.000 147.408 8.600 107.288 70.032
896.000 146.592 8.512 106.733 69.801
897.000 145.731 8.425 106.145 69.545
898.000 144.805 8.339 105.509 69.251
899.000 143.796 8.255 104.811 68.904
900.000 142.683 8.173 104.039 68.489
901.000 141.451 8.095 103.179 67.994
902.000 140.102 8.019 102.233 67.423
903.000 138.639 7.945 101.204 66.779
904.000 137.068 7.872 100.095 66.068
905.000 135.393 7.799 98.909 65.296
906.000 133.619 7.725 97.650 64.468
907.000 131.751 7.650 96.321 63.588
908.000 129.795 7.572 94.926 62.663
909.000 127.754 7.491 93.467 61.697
910.000 125.633 7.405 91.948 60.696
911.000 123.440 7.315 90.374 59.666
912.000 121.196 7.221 88.760 58.616
913.000 118.921 7.123 87.122 57.557
914.000 116.639 7.023 85.476 56.498
915.000 114.371 6.920 83.838 55.450
916.000 112.140 6.815 82.225 54.423
917.000 109.969 6.710 80.653 53.427
918.000 107.880 6.604 79.139 52.473
919.000 105.895 6.498 77.697 51.570
920.000 104.036 6.394 76.346 50.729
921.000 102.320 6.291 75.097 49.958
922.000 100.739 6.191 73.943 49.252
923.000 99.279 6.093 72.876 48.604
924.000 97.925 5.998 71.883 48.008
925.000 96.664 5.907 70.956 47.457
926.000 95.481 5.820 70.084 46.944
927.000 94.363 5.737 69.256 46.463
928.000 93.295 5.659 68.462 46.006
929.000 92.263 5.586 67.693 45.567
930.000 91.254 5.519 66.937 45.139
931.000 90.256 5.458 66.188 44.716
932.000 89.272 5.402 65.446 44.301
933.000 88.309 5.352 64.717 43.894
934.000 87.372 5.305 64.005 43.498
935.000 86.469 5.261 63.315 43.116
936.000 85.605 5.220 62.651 42.750
937.000 84.787 5.180 62.017 42.401
938.000 84.021 5.142 61.419 42.073
939.000 83.313 5.103 60.860 41.768
940.000 82.670 5.064 60.346 41.487
941.000 82.096 5.024 59.880 41.233
942.000 81.596 4.984 59.465 41.009
943.000 81.170 4.944 59.102 40.816
944.000 80.823 4.905 58.793 40.657
945.000 80.554 4.869 58.540 40.534
946.000 80.368 4.837 58.344 40.448
947.000 80.266 4.808 58.208 40.402
948.000 80.250 4.785 58.133 40.399
949.000 80.322 4.768 58.121 40.440
950.000 80.485 4.759 58.174 40.527
951.000 80.741 4.757 58.293 40.663
952.000 81.092 4.762 58.479 40.848
953.000 81.539 4.775 58.736 41.086
954.000 82.086 4.794 59.063 41.376
955.000 82.733 4.820 59.464 41.721
956.000 83.482 4.852 59.938 42.122
957.000 84.337 4.889 60.488 42.580
958.000 85.298 4.931 61.116 43.097
959.000 86.367 4.978 61.822 43.674
960.000 87.547 5.028 62.609 44.313
961.000 88.836 5.083 63.476 45.014
962.000 90.222 5.141 64.414 45.769
963.000 91.688 5.201 65.411 46.568
964.000 93.217 5.264 66.455 47.402
965.000 94.794 5.328 67.536 48.261
966.000 96.402 5.394 68.642 49.136
967.000 98.025 5.460 69.762 50.018
968.000 99.647 5.526 70.884 50.897
969.000 101.251 5.592 71.996 51.763
970.000 102.822 5.658 73.088 52.607
971.000 104.346 5.721 74.150 53.422
972.000 105.823 5.784 75.182 54.207
973.000 107.258 5.844 76.188 54.965
974.000 108.654 5.903 77.170 55.697
975.000 110.015 5.959 78.131 56.406
976.000 111.344 6.014 79.073 57.093
977.000 112.646 6.065 80.000 57.761
978.000 113.923 6.114 80.913 58.412
979.000 115.180 6.160 81.816 59.047
980.000 116.419 6.203 82.712 59.669
981.000 117.644 6.242 83.601 60.279
982.000 118.846 6.278 84.478 60.876
983.000 120.015 6.311 85.336 61.459
984.000 121.144 6.341 86.169 62.027
985.000 122.221 6.367 86.969 62.578
986.000 123.238 6.390 87.730 63.111
987.000 124.184 6.410 88.445 63.626
988.000 125.052 6.426 89.107 64.120
989.000 125.831 6.439 89.709 64.592
990.000 126.511 6.449 90.245 65.041
991.000 127.088 6.455 90.709 65.466
992.000 127.568 6.459 91.108 65.865
993.000 127.965 6.462 91.449 66.238
994.000 128.290 6.463 91.742 66.583
995.000 128.556 6.465 91.995 66.899
996.000 128.774 6.467 92.216 67.185
997.000 128.956 6.470 92.412 67.440
998.000 129.114 6.476 92.593 67.662
999.000 129.260 6.484 92.767 67.851
1000.000 129.406 6.497 92.942 68.006
